imu_sub_topic: /vn100/imu
cam_sub_topic: /camera/image_mono

resize_factor: 0.5
ground_truth_file: ""

track_count_lower_thresh: 50
track_nms_squared_dist_thresh: 500.

init_keyframe_interval: 6
num_good_keyframes_for_initialization: 20
use_isam: false

timeshift_cam_imu: 0
imu_g: 9.91
imu_n_gravity_x: 0
imu_n_gravity_y: 0
imu_n_gravity_z: 0
imu_accel_noise_density: 0.001372
imu_gyro_noise_density: 0.00006108
imu_accel_random_walk: 0.00554371716
imu_gyro_random_walk: 0.00068563008

imu_cam_quat: [0.541994263973, -0.538194367618, 0.457984250078, 0.454796072065]
imu_cam_vector: [0.0321990644814, 0.00236694722335, -0.0596451018445]

cam_fx: 593.690871957
cam_fy: 593.74699226
cam_u0: 388.42480338
cam_v0: 274.84471313
